# Hyperparameter Evolution Results
# Generations: 100
# Metrics:      0.976     0.796     0.919     0.477    0.0324    0.0116         0

lr0: 0.00744
lrf: 0.0989
momentum: 0.882
weight_decay: 0.00056
warmup_epochs: 3.68
warmup_momentum: 0.95
warmup_bias_lr: 0.0989
box: 0.04
cls: 0.306
cls_pw: 0.586
obj: 1.1
obj_pw: 0.77
iou_t: 0.2
anchor_t: 4.3
fl_gamma: 0.0
hsv_h: 0.015
hsv_s: 0.849
hsv_v: 0.563
degrees: 0.0
translate: 0.26
scale: 0.287
shear: 0.0
perspective: 0.0
flipud: 0.0
fliplr: 0.453
mosaic: 1.0
mixup: 0.0
copy_paste: 0.0
paste_in: 0.0
loss_ota: 0.397
anchors: 3.0
