# Hyperparameter Evolution Results
# Generations: 100
# Metrics:      0.859     0.895     0.896     0.464    0.0272   0.00332         0

lr0: 0.00761
lrf: 0.0897
momentum: 0.98
weight_decay: 0.00047
warmup_epochs: 2.64
warmup_momentum: 0.871
warmup_bias_lr: 0.0797
box: 0.0363
cls: 0.292
cls_pw: 0.927
obj: 0.447
obj_pw: 0.678
iou_t: 0.2
anchor_t: 3.86
fl_gamma: 0.0
hsv_h: 0.015
hsv_s: 0.683
hsv_v: 0.412
degrees: 0.0
translate: 0.251
scale: 0.74
shear: 0.0
perspective: 0.0
flipud: 0.0
fliplr: 0.542
mosaic: 1.0
mixup: 0.0
copy_paste: 0.0
paste_in: 0.0
loss_ota: 0.873
anchors: 3.0
