# Hyperparameter Evolution Results
# Generations: 100
# Metrics:      0.922     0.813     0.881     0.436    0.0537   0.00666         0

lr0: 0.0152
lrf: 0.0707
momentum: 0.961
weight_decay: 0.00028
warmup_epochs: 2.37
warmup_momentum: 0.805
warmup_bias_lr: 0.0978
box: 0.0604
cls: 0.481
cls_pw: 1.93
obj: 0.527
obj_pw: 1.32
iou_t: 0.2
anchor_t: 3.4
fl_gamma: 0.0
hsv_h: 0.015
hsv_s: 0.545
hsv_v: 0.327
degrees: 0.0
translate: 0.216
scale: 0.556
shear: 0.0
perspective: 0.0
flipud: 0.0
fliplr: 0.366
mosaic: 1.0
mixup: 0.0
copy_paste: 0.0
paste_in: 0.0
loss_ota: 0.767
anchors: 3.0
